{"817612070307": [[-0.08795963130344217, -0.0774304160993077, -0.9931100814731719, 1.093484041939333], [-0.9947642783126709, -0.045246617922223155, 0.09163391380744892, 0.456598469801898], [-0.052030124486043404, 0.9959705187550926, -0.0730451361603112, 0.19015594075981207], [0.0, 0.0, 0.0, 1.0]], "817612071498": [[-0.8703106633729577, 0.24306970064924574, 0.42834153411221804, -0.26694117195963085], [-0.40208222863150933, 0.1515744697950479, -0.9029701332408887, 1.8040977725468341], [-0.28441032090632934, -0.958093054318127, -0.03418287040788979, 0.24401645229245522], [0.0, 0.0, 0.0, 1.0]], "845112072219": [[-0.0902223990761408, -0.16027539284706221, 0.982940342621395, -0.8943465345743407], [0.9955933965505034, -0.039852639802783495, 0.08488554556449283, 0.8131194830794144], [0.025567703259728715, 0.9862674918846657, 0.16316472352059752, 0.09746803987246376], [0.0, 0.0, 0.0, 1.0]]}